1 0.67913 0.494101 0.569411 0.300426
2 0.173584 0.438931 0.345361 0.222488
0 0.106498 0.342663 0.212996 0.167644
1 0.455785 0.212693 0.265489 0.135263
1 0.769834 0.109108 0.223055 0.11146
0 0.753624 0.26033 0.107592 0.138621
1 0.67913 0.494101 0.569411 0.300426
2 0.173584 0.438931 0.345361 0.222488
0 0.106498 0.342663 0.212996 0.167644
1 0.455785 0.212693 0.265489 0.135263
1 0.769834 0.109108 0.223055 0.11146
0 0.753624 0.26033 0.107592 0.138621
2 0.17638 0.447621 0.351367 0.214899
1 0.684755 0.496225 0.565131 0.290699
0 0.106792 0.344806 0.213322 0.165299
0 0.754008 0.26571 0.109793 0.136503
1 0.452708 0.212391 0.257974 0.126018
1 0.767898 0.1111 0.223012 0.109586
1 0.683436 0.491943 0.562895 0.312903
1 0.455616 0.211019 0.268215 0.128291
2 0.177606 0.445239 0.350651 0.22965
1 0.767567 0.109236 0.225706 0.117912
0 0.108011 0.347273 0.216022 0.168923
0 0.760769 0.266004 0.121867 0.138285
