0 0.578603 0.680651 0.842795 0.516514
1 0.767558 0.449438 0.46452 0.283595
2 0.0602579 0.425084 0.118165 0.103332
0 0.11015 0.289291 0.220299 0.134435
1 0.846019 0.276697 0.301233 0.123935
0 0.433711 0.285246 0.32025 0.137382
0 0.318647 0.0630685 0.30642 0.126137
0 0.578603 0.680651 0.842795 0.516514
1 0.767558 0.449438 0.46452 0.283595
2 0.0602579 0.425084 0.118165 0.103332
0 0.11015 0.289291 0.220299 0.134435
1 0.846019 0.276697 0.301233 0.123935
0 0.433711 0.285246 0.32025 0.137382
0 0.318647 0.0630685 0.30642 0.126137
0 0.581549 0.691741 0.836901 0.512815
2 0.0585632 0.427932 0.117126 0.12064
1 0.76665 0.448142 0.466701 0.282261
0 0.433456 0.292424 0.320797 0.138209
0 0.11358 0.289398 0.226572 0.144957
1 0.849261 0.282949 0.301477 0.127888
0 0.577157 0.697816 0.845686 0.528968
1 0.763275 0.444705 0.467942 0.286069
0 0.434487 0.292311 0.322943 0.149414
0 0.11365 0.28872 0.226281 0.143726
2 0.0598222 0.432893 0.119492 0.133349
1 0.848991 0.278115 0.302017 0.130568
