0 0.326277 0.599437 0.288882 0.162484
0 0.558652 0.792072 0.353366 0.259502
2 0.82455 0.613262 0.274178 0.178816
1 0.475938 0.442099 0.198853 0.116276
0 0.674395 0.426604 0.187339 0.100542
1 0.103037 0.485047 0.206075 0.118019
2 0.305567 0.383393 0.178834 0.0864163
0 0.326277 0.599437 0.288882 0.162484
0 0.558652 0.792072 0.353366 0.259502
2 0.82455 0.613262 0.274178 0.178816
1 0.475938 0.442099 0.198853 0.116276
0 0.674395 0.426604 0.187339 0.100542
1 0.103037 0.485047 0.206075 0.118019
2 0.305567 0.383393 0.178834 0.0864163
2 0.827034 0.613959 0.278935 0.1745
0 0.559864 0.793765 0.357402 0.257142
1 0.477696 0.446195 0.192473 0.112256
2 0.307198 0.38688 0.172886 0.0859717
0 0.675918 0.430114 0.183978 0.0994511
1 0.104586 0.486835 0.203545 0.117747
0 0.325869 0.598631 0.292587 0.153929
2 0.822384 0.614349 0.281665 0.178934
1 0.475517 0.446368 0.198237 0.118105
0 0.326782 0.603497 0.294384 0.173443
0 0.556794 0.790116 0.356188 0.260915
1 0.104385 0.487985 0.20877 0.125695
2 0.305811 0.385365 0.176808 0.0906194
0 0.674946 0.428124 0.186696 0.103803
