0 0.161062 0.348588 0.322125 0.191039
1 0.873255 0.478967 0.24865 0.323778
2 0.373524 0.440451 0.485219 0.247213
0 0.955806 0.22474 0.0876488 0.16178
1 0.57587 0.20288 0.287408 0.144367
1 0.866596 0.0897518 0.237201 0.104616
0 0.136211 0.059652 0.26783 0.119304
0 0.161062 0.348588 0.322125 0.191039
1 0.873255 0.478967 0.24865 0.323778
2 0.373524 0.440451 0.485219 0.247213
0 0.955806 0.22474 0.0876488 0.16178
1 0.57587 0.20288 0.287408 0.144367
1 0.866596 0.0897518 0.237201 0.104616
0 0.136211 0.059652 0.26783 0.119304
1 0.876373 0.477785 0.247254 0.334498
0 0.163638 0.342821 0.321311 0.180766
2 0.37701 0.440717 0.472682 0.230221
0 0.955404 0.228843 0.0891928 0.157085
1 0.577154 0.199943 0.289715 0.130565
1 0.867807 0.0952594 0.234169 0.100262
0 0.163443 0.342315 0.326887 0.19303
2 0.37292 0.441936 0.477058 0.257549
1 0.874833 0.479351 0.249471 0.334296
1 0.578123 0.19948 0.296844 0.143546
0 0.955389 0.22824 0.0892214 0.165845
1 0.868233 0.09166 0.242341 0.114295
