0 0.831672 0.66531 0.241826 0.245188
0 0.417773 0.429196 0.212851 0.205216
1 0.558475 0.190845 0.197841 0.173417
0 0.218472 0.626506 0.258225 0.243562
2 0.80059 0.243457 0.199194 0.177033
1 0.732746 0.446293 0.238165 0.203676
2 0.456586 0.832988 0.256379 0.280417
2 0.801487 0.244256 0.196267 0.173585
0 0.419274 0.427982 0.211865 0.206873
0 0.224999 0.62482 0.251551 0.239455
0 0.837077 0.66449 0.231402 0.233432
2 0.464515 0.834848 0.249471 0.278341
1 0.557951 0.190338 0.192409 0.170329
1 0.736112 0.448781 0.231124 0.20714
