0 0.911146 0.571675 0.176057 0.254823
0 0.636789 0.643404 0.268455 0.251881
0 0.454574 0.194896 0.212299 0.187618
2 0.0983987 0.45529 0.196797 0.237741
1 0.294974 0.75415 0.283796 0.301358
1 0.400113 0.33491 0.245929 0.204861
2 0.814796 0.285871 0.232467 0.20415
0 0.911146 0.571675 0.176057 0.254823
0 0.636789 0.643404 0.268455 0.251881
0 0.454574 0.194896 0.212299 0.187618
2 0.0983987 0.45529 0.196797 0.237741
1 0.294974 0.75415 0.283796 0.301358
1 0.400113 0.33491 0.245929 0.204861
2 0.814796 0.285871 0.232467 0.20415
0 0.914812 0.57145 0.170377 0.242475
0 0.640253 0.646768 0.265501 0.247597
2 0.10072 0.46264 0.200868 0.226723
2 0.819226 0.289258 0.235345 0.193372
1 0.297848 0.754141 0.270494 0.290481
1 0.399458 0.339631 0.245051 0.193827
0 0.456453 0.198623 0.208606 0.176789
1 0.296685 0.755659 0.279125 0.306574
2 0.81639 0.282824 0.240821 0.195822
0 0.91164 0.57475 0.176719 0.246462
0 0.637006 0.645216 0.267092 0.258511
2 0.103519 0.455408 0.205325 0.232994
1 0.400195 0.335507 0.252494 0.204553
0 0.454926 0.19553 0.210789 0.181168
