0 0.455501 0.196017 0.206685 0.174012
2 0.0998864 0.457092 0.199773 0.234253
1 0.400516 0.334541 0.245526 0.201042
0 0.635174 0.6448 0.26597 0.247223
1 0.295865 0.757236 0.280499 0.296846
0 0.91716 0.572515 0.16568 0.247949
2 0.817976 0.284242 0.234286 0.188954
2 0.820371 0.286845 0.226627 0.187558
2 0.0997225 0.463514 0.198026 0.21777
1 0.296918 0.755333 0.275316 0.291515
0 0.641198 0.644589 0.265571 0.242759
0 0.454652 0.199653 0.204144 0.170531
0 0.915729 0.572932 0.168542 0.256735
1 0.401832 0.338339 0.244345 0.194924
