0 0.417878 0.430216 0.215898 0.210704
0 0.831105 0.661863 0.246637 0.252461
0 0.222288 0.625799 0.253987 0.248725
1 0.733811 0.44543 0.239687 0.213951
2 0.797898 0.241793 0.203423 0.182827
2 0.459517 0.830704 0.253561 0.293877
1 0.558405 0.193944 0.198009 0.177225
0 0.417878 0.430216 0.215898 0.210704
0 0.831105 0.661863 0.246637 0.252461
0 0.222288 0.625799 0.253987 0.248725
1 0.733811 0.44543 0.239687 0.213951
2 0.797898 0.241793 0.203423 0.182827
2 0.459517 0.830704 0.253561 0.293877
1 0.558405 0.193944 0.198009 0.177225
0 0.834494 0.665394 0.240872 0.232003
0 0.223752 0.626045 0.257047 0.240156
2 0.462226 0.834227 0.254719 0.273046
0 0.419344 0.429317 0.21502 0.202788
2 0.802098 0.244603 0.200992 0.179098
1 0.559465 0.191455 0.194542 0.171427
1 0.736045 0.450002 0.237258 0.199185
0 0.220555 0.625623 0.266053 0.239939
2 0.460374 0.833698 0.267011 0.287433
1 0.732939 0.443303 0.237919 0.208998
0 0.833167 0.660636 0.244176 0.244167
0 0.41622 0.428431 0.221148 0.20775
1 0.555448 0.191007 0.204698 0.177061
2 0.803119 0.242703 0.210128 0.180048
