0 0.7199 0.380985 0.215455 0.208555
1 0.239633 0.577581 0.249186 0.227198
2 0.360865 0.356881 0.226137 0.200976
2 0.560315 0.631579 0.230968 0.228794
0 0.7199 0.380985 0.215455 0.208555
1 0.239633 0.577581 0.249186 0.227198
2 0.360865 0.356881 0.226137 0.200976
2 0.560315 0.631579 0.230968 0.228794
1 0.240793 0.581604 0.241542 0.223164
2 0.563644 0.629859 0.227015 0.22089
2 0.363794 0.35853 0.225359 0.204241
0 0.724249 0.382416 0.208699 0.204653
1 0.236947 0.580801 0.246288 0.223797
2 0.560095 0.629233 0.232481 0.222737
2 0.363013 0.355847 0.228157 0.211735
0 0.720202 0.379056 0.210855 0.201039
