1 0.412262 0.303386 0.158162 0.145253
0 0.638911 0.184208 0.152677 0.151085
2 0.694025 0.605849 0.166346 0.173752
1 0.498356 0.56985 0.169751 0.161806
1 0.891182 0.53633 0.171155 0.169146
2 0.881836 0.313035 0.164228 0.159458
0 0.288084 0.553061 0.162869 0.158641
0 0.684644 0.404528 0.161197 0.157068
2 0.129548 0.623837 0.165745 0.165849
1 0.412262 0.303386 0.158162 0.145253
0 0.638911 0.184208 0.152677 0.151085
2 0.694025 0.605849 0.166346 0.173752
1 0.498356 0.56985 0.169751 0.161806
1 0.891182 0.53633 0.171155 0.169146
2 0.881836 0.313035 0.164228 0.159458
0 0.288084 0.553061 0.162869 0.158641
0 0.684644 0.404528 0.161197 0.157068
2 0.129548 0.623837 0.165745 0.165849
0 0.287778 0.553635 0.159852 0.159307
2 0.882812 0.318645 0.157278 0.157631
0 0.638931 0.187605 0.148272 0.149512
0 0.684835 0.40816 0.161248 0.15677
2 0.130716 0.626585 0.153429 0.165283
2 0.695798 0.606043 0.160064 0.171469
1 0.412663 0.307064 0.158319 0.143202
1 0.49764 0.574118 0.160208 0.161087
1 0.891128 0.536718 0.168212 0.1631
0 0.637463 0.187344 0.157348 0.150275
1 0.411286 0.306129 0.159321 0.146423
1 0.89063 0.536644 0.169576 0.165723
1 0.498749 0.571932 0.168022 0.164633
0 0.68224 0.407775 0.164907 0.156916
2 0.883999 0.31415 0.164807 0.157229
2 0.129927 0.625923 0.164995 0.168326
0 0.287573 0.551042 0.166022 0.161678
2 0.694656 0.605025 0.166938 0.172478
