2 0.562535 0.516678 0.371632 0.364507
1 0.151348 0.916855 0.302697 0.164849
0 0.133835 0.0736979 0.26767 0.147396
2 0.0364396 0.408597 0.0702575 0.180443
2 0.562535 0.516678 0.371632 0.364507
1 0.151348 0.916855 0.302697 0.164849
0 0.133835 0.0736979 0.26767 0.147396
2 0.0364396 0.408597 0.0702575 0.180443
2 0.56817 0.519691 0.374817 0.357296
1 0.152181 0.923451 0.304361 0.152186
0 0.137211 0.0706342 0.274422 0.141048
0 0.0399612 0.139166 0.0799225 0.189023
0 0.0392745 0.177116 0.078549 0.28772
2 0.036554 0.414797 0.0731079 0.197877
2 0.0379668 0.467978 0.0759335 0.311604
2 0.566456 0.516035 0.378125 0.366664
1 0.153245 0.922082 0.306246 0.155094
0 0.138305 0.0728453 0.27661 0.145061
0 0.0365458 0.150704 0.0729032 0.301408
0 0.137864 0.107692 0.275729 0.215385
2 0.0351466 0.415575 0.0702931 0.343146
