0 0.189518 0.672243 0.260035 0.219624
0 0.822544 0.226095 0.172324 0.104173
2 0.597443 0.743151 0.287428 0.256319
0 0.57763 0.45874 0.231427 0.165831
2 0.0953469 0.434368 0.189718 0.140775
1 0.904964 0.381759 0.190072 0.13013
1 0.449989 0.308332 0.195312 0.11137
2 0.630711 0.237598 0.181968 0.101905
1 0.931199 0.71968 0.137602 0.276834
0 0.189518 0.672243 0.260035 0.219624
0 0.822544 0.226095 0.172324 0.104173
2 0.597443 0.743151 0.287428 0.256319
0 0.57763 0.45874 0.231427 0.165831
2 0.0953469 0.434368 0.189718 0.140775
1 0.904964 0.381759 0.190072 0.13013
1 0.449989 0.308332 0.195312 0.11137
2 0.630711 0.237598 0.181968 0.101905
1 0.931199 0.71968 0.137602 0.276834
0 0.192354 0.672379 0.258178 0.212935
2 0.606536 0.743681 0.284398 0.257397
2 0.0983999 0.436416 0.193811 0.143571
1 0.90573 0.381851 0.18854 0.134897
2 0.632237 0.24008 0.181318 0.104376
0 0.580044 0.460235 0.23184 0.159034
1 0.449576 0.308308 0.195573 0.109778
0 0.820956 0.227947 0.166258 0.105835
1 0.931522 0.717309 0.136356 0.256316
1 0.924809 0.770078 0.149778 0.360545
0 0.19013 0.669481 0.263845 0.220596
2 0.603559 0.743421 0.285387 0.260484
1 0.903873 0.382317 0.192255 0.133362
2 0.0994467 0.4351 0.198893 0.149144
2 0.633417 0.236265 0.184001 0.107544
1 0.450584 0.305836 0.197635 0.117809
0 0.576638 0.462795 0.2339 0.15299
0 0.822477 0.225561 0.171084 0.114756
1 0.929236 0.700585 0.141528 0.225018
