1 0.170975 0.436246 0.300792 0.216278
0 0.799247 0.252418 0.213934 0.12973
2 0.787834 0.573814 0.328212 0.244654
0 0.606938 0.217775 0.211491 0.105274
2 0.448113 0.270404 0.240421 0.125808
1 0.170975 0.436246 0.300792 0.216278
0 0.799247 0.252418 0.213934 0.12973
2 0.787834 0.573814 0.328212 0.244654
0 0.606938 0.217775 0.211491 0.105274
2 0.448113 0.270404 0.240421 0.125808
2 0.792759 0.570661 0.329602 0.242241
1 0.17311 0.441864 0.29723 0.20151
2 0.451219 0.275447 0.242443 0.128151
0 0.80149 0.251565 0.204628 0.128408
0 0.604371 0.218386 0.207574 0.107629
2 0.451844 0.273944 0.242002 0.124159
1 0.170492 0.435722 0.301458 0.205727
2 0.787618 0.567605 0.332622 0.241964
0 0.800212 0.251172 0.209224 0.130517
0 0.610392 0.220216 0.214412 0.113702
