0 0.223574 0.39814 0.220827 0.131021
2 0.372667 0.672344 0.341772 0.264435
0 0.708799 0.383456 0.243604 0.115613
1 0.348559 0.451651 0.248882 0.149571
1 0.793372 0.553969 0.36576 0.187287
2 0.456092 0.30504 0.177349 0.0922297
0 0.681826 0.300728 0.194935 0.0857867
0 0.223574 0.39814 0.220827 0.131021
2 0.372667 0.672344 0.341772 0.264435
0 0.708799 0.383456 0.243604 0.115613
1 0.348559 0.451651 0.248882 0.149571
1 0.793372 0.553969 0.36576 0.187287
2 0.456092 0.30504 0.177349 0.0922297
0 0.681826 0.300728 0.194935 0.0857867
2 0.456819 0.307264 0.173969 0.0915047
2 0.370248 0.675113 0.342189 0.251324
1 0.797814 0.554186 0.362123 0.195766
0 0.223625 0.400661 0.212582 0.125914
0 0.68124 0.301125 0.192587 0.0798517
0 0.709638 0.382979 0.240119 0.114324
1 0.350596 0.450605 0.243738 0.147373
0 0.709635 0.383726 0.238957 0.118684
2 0.373622 0.67174 0.344055 0.264641
0 0.682718 0.299693 0.194124 0.0875559
2 0.457036 0.304285 0.176222 0.0971168
0 0.223152 0.398568 0.217237 0.128711
1 0.798669 0.549785 0.362445 0.197043
1 0.349765 0.452082 0.252247 0.14911
