1 0.449444 0.306871 0.193254 0.108772
2 0.630945 0.236066 0.18144 0.0989399
1 0.904401 0.379923 0.18958 0.127121
2 0.598519 0.743892 0.287825 0.255235
0 0.581582 0.46092 0.228618 0.14791
0 0.821424 0.225086 0.167648 0.104788
2 0.0977311 0.434839 0.195462 0.142776
1 0.932143 0.708833 0.135713 0.239789
0 0.188479 0.674696 0.262968 0.21719
1 0.905044 0.383966 0.189913 0.129955
2 0.630893 0.237894 0.173923 0.0951551
2 0.603595 0.74514 0.281678 0.251885
2 0.0982989 0.438926 0.196598 0.134496
1 0.450666 0.307938 0.190616 0.105812
0 0.581969 0.461185 0.221061 0.149918
0 0.190673 0.674144 0.256944 0.208278
1 0.933307 0.698606 0.133385 0.204972
0 0.822372 0.227712 0.163782 0.1028
