1 0.134778 0.472049 0.269556 0.186996
2 0.931196 0.305894 0.137609 0.0632754
0 0.41255 0.412275 0.36685 0.164534
2 0.531923 0.359567 0.141128 0.0833803
0 0.68637 0.368845 0.306621 0.124214
1 0.866653 0.327537 0.213984 0.0911823
0 0.873172 0.0648851 0.203001 0.126646
1 0.101754 0.471274 0.203006 0.174397
1 0.134778 0.472049 0.269556 0.186996
2 0.931196 0.305894 0.137609 0.0632754
0 0.41255 0.412275 0.36685 0.164534
2 0.531923 0.359567 0.141128 0.0833803
0 0.68637 0.368845 0.306621 0.124214
1 0.866653 0.327537 0.213984 0.0911823
0 0.873172 0.0648851 0.203001 0.126646
1 0.101754 0.471274 0.203006 0.174397
2 0.530395 0.361592 0.141109 0.0799882
0 0.878578 0.0638399 0.204084 0.126736
0 0.410959 0.431875 0.354564 0.167776
1 0.135617 0.503537 0.269282 0.232988
2 0.930156 0.307181 0.139688 0.0626717
0 0.683177 0.386462 0.305694 0.148536
2 0.529659 0.359294 0.147555 0.0861264
0 0.414264 0.4231 0.366739 0.177629
0 0.876436 0.0665905 0.20582 0.130847
2 0.926724 0.30744 0.146552 0.066851
0 0.690811 0.381326 0.317401 0.153038
1 0.13605 0.48747 0.2721 0.209068
1 0.867191 0.331137 0.221382 0.0963963
