2 0.171785 0.581631 0.179471 0.142051
0 0.706088 0.676808 0.188008 0.161522
0 0.164395 0.443808 0.161864 0.105017
1 0.267666 0.617083 0.177067 0.149726
0 0.389447 0.500745 0.165918 0.109908
1 0.82115 0.233348 0.168367 0.089968
2 0.171785 0.581631 0.179471 0.142051
0 0.706088 0.676808 0.188008 0.161522
0 0.164395 0.443808 0.161864 0.105017
1 0.267666 0.617083 0.177067 0.149726
0 0.389447 0.500745 0.165918 0.109908
1 0.82115 0.233348 0.168367 0.089968
2 0.169943 0.583099 0.181221 0.142123
0 0.707461 0.679555 0.183724 0.164879
0 0.164377 0.446199 0.160597 0.104603
0 0.390861 0.502755 0.16584 0.11341
1 0.266828 0.619387 0.176251 0.151658
1 0.820759 0.234654 0.16758 0.0870991
2 0.172624 0.580005 0.182268 0.139696
1 0.822537 0.233335 0.17222 0.0955177
0 0.166778 0.442974 0.169973 0.110835
0 0.390216 0.501242 0.172802 0.124982
0 0.710562 0.675211 0.189927 0.168706
1 0.267233 0.619321 0.185403 0.152338
