2 0.281695 0.559056 0.292924 0.196768
2 0.658455 0.185618 0.130293 0.0650032
1 0.582768 0.30242 0.214745 0.0951571
0 0.396552 0.214317 0.135592 0.0743954
0 0.345436 0.386862 0.218364 0.121832
0 0.573139 0.235599 0.157802 0.0777699
1 0.778557 0.208085 0.155087 0.07865
2 0.737121 0.259986 0.170962 0.0792974
2 0.281695 0.559056 0.292924 0.196768
2 0.658455 0.185618 0.130293 0.0650032
1 0.582768 0.30242 0.214745 0.0951571
0 0.396552 0.214317 0.135592 0.0743954
0 0.345436 0.386862 0.218364 0.121832
0 0.573139 0.235599 0.157802 0.0777699
1 0.778557 0.208085 0.155087 0.07865
2 0.737121 0.259986 0.170962 0.0792974
2 0.28318 0.557994 0.28913 0.193542
0 0.342213 0.388928 0.217405 0.122931
0 0.574017 0.236659 0.152316 0.0818312
2 0.279418 0.553346 0.302825 0.204484
