1 0.582449 0.302165 0.205318 0.0942415
1 0.784942 0.207808 0.138625 0.0743896
2 0.282546 0.558281 0.300657 0.19042
2 0.737822 0.259562 0.168727 0.0763478
2 0.659017 0.185561 0.124653 0.0638413
1 0.286193 0.291662 0.163044 0.0834625
0 0.397331 0.214359 0.132406 0.0752618
0 0.343094 0.385601 0.21303 0.119793
0 0.571963 0.234614 0.146962 0.0786006
2 0.284563 0.558517 0.294612 0.189955
2 0.737519 0.261458 0.163032 0.0744931
1 0.587067 0.30396 0.200973 0.0960916
1 0.286318 0.29144 0.162656 0.0818661
2 0.658845 0.18473 0.122025 0.0630956
1 0.787248 0.209592 0.134307 0.0706958
0 0.34564 0.388164 0.207655 0.121312
0 0.397501 0.212648 0.128767 0.072396
2 0.633309 0.18593 0.065057 0.0594289
0 0.57332 0.23684 0.143106 0.0761089
1 0.147352 0.171343 0.294311 0.330853
