0 0.63755 0.186666 0.149379 0.146448
0 0.683229 0.405584 0.15767 0.154702
2 0.883046 0.313927 0.161106 0.156906
0 0.288128 0.552149 0.162555 0.159827
2 0.694984 0.604909 0.162005 0.170277
1 0.889025 0.534003 0.168205 0.164685
2 0.128838 0.623751 0.16073 0.162992
1 0.411044 0.306148 0.155686 0.140831
1 0.496936 0.572629 0.166393 0.163995
1 0.539953 0.25548 0.475738 0.436783
0 0.637794 0.186427 0.148008 0.148444
2 0.883749 0.317075 0.153999 0.153325
0 0.68304 0.407974 0.15964 0.15375
0 0.288962 0.554087 0.162116 0.156808
2 0.131086 0.626424 0.154886 0.162488
2 0.69542 0.606874 0.161954 0.168857
1 0.413132 0.303885 0.159047 0.143183
1 0.500198 0.57624 0.165655 0.156372
1 0.199042 0.185413 0.398085 0.367183
1 0.890884 0.53619 0.170117 0.164152
1 0.498861 0.173764 0.561007 0.341102
