2 0.861997 0.649716 0.272247 0.424249
1 0.379153 0.603674 0.454504 0.401271
2 0.529712 0.222864 0.369532 0.341187
0 0.954986 0.194294 0.0900276 0.251656
2 0.861997 0.649716 0.272247 0.424249
1 0.379153 0.603674 0.454504 0.401271
2 0.529712 0.222864 0.369532 0.341187
0 0.954986 0.194294 0.0900276 0.251656
2 0.530563 0.221935 0.375148 0.340745
1 0.382559 0.610145 0.453631 0.410752
2 0.862548 0.638779 0.274077 0.414989
0 0.96136 0.18305 0.0772793 0.235463
2 0.531405 0.222506 0.3785 0.342718
1 0.38442 0.614618 0.44889 0.41425
2 0.861139 0.62622 0.276817 0.398226
0 0.959482 0.164295 0.081036 0.286075
