1 0.794384 0.550177 0.360688 0.173276
0 0.224694 0.399152 0.211382 0.118393
1 0.350471 0.451167 0.243759 0.148079
2 0.368142 0.673353 0.341403 0.262079
0 0.681642 0.300195 0.193034 0.085629
0 0.709115 0.380541 0.237657 0.110838
2 0.4585 0.306198 0.166897 0.0900172
0 0.708529 0.383861 0.234363 0.110478
2 0.373477 0.676828 0.344272 0.250678
0 0.225099 0.400748 0.209158 0.115892
0 0.682551 0.301925 0.186746 0.0820563
1 0.795137 0.55346 0.353109 0.184073
1 0.352432 0.452601 0.24284 0.145706
2 0.45818 0.305082 0.167383 0.0898249
